exac homeage - pcsk9	1	55505221	55530525
exac homeage - ppara	22	46594230	46631326
ENSG00000169174	1	55505221	55530525
ENSG00000001626	7	117105838	117356025
ENSG00000139618	13	32889611	32973805
ENSG00000012048	17	41196312	41277500
ENSG00000166147	15	48700503	48938046
ENSG00000141510	17	7565097	7590856
ENSG00000182752	9	118916083	119164601
ENSG00000183873	3	38589548	38691164
ENSG00000092054	14	23881947	23904927
ENSG00000196712	17	29421945	29709134
ENSG00000149311	11	108093211	108239829
ENSG00000134571	11	47352957	47374253
ENSG00000141837	19	13317256	13734804
ENSG00000144285	2	166845670	166984523
ENSG00000198691	1	94458393	94586688
ENSG00000134982	5	112043195	112181936
ENSG00000102104	X	18658030	18690229
ENSG00000148400	9	139388896	139440314
ENSG00000165474	13	20761609	20767037
ENSG00000096696	6	7541808	7586950
ENSG00000103197	16	2097466	2138716
ENSG00000169057	X	153287024	153363212
ENSG00000055118	7	150642049	150675403
ENSG00000198947	X	31115794	33357558
ENSG00000171862	10	89622870	89731687
ENSG00000140521	15	89859534	89878092
ENSG00000130164	19	11200038	11244492
ENSG00000053918	11	2465914	2870339
ENSG00000197102	14	102430865	102517129
ENSG00000132781	1	45794835	45806142
ENSG00000169083	X	66764465	66950461
ENSG00000095002	2	47630108	47789450
ENSG00000168542	2	189839046	189877472
ENSG00000151067	12	2079952	2802108
ENSG00000146648	7	55086714	55324313
ENSG00000165731	10	43572475	43625799
ENSG00000171298	17	78075355	78093678
ENSG00000183765	22	29083731	29138410
ENSG00000108821	17	48260650	48278993
ENSG00000160789	1	156052364	156109880
ENSG00000074181	19	15270444	15311792
ENSG00000185201	11	307631	315272
ENSG00000049618	6	157099063	157531913
ENSG00000187741	16	89803957	89883065
ENSG00000167207	16	50727514	50766988
ENSG00000133392	16	15797029	15950890
ENSG00000104044	15	28000021	28344504
ENSG00000196924	X	153576892	153603006
ENSG00000065534	3	123328896	123603178
ENSG00000085511	6	161412759	161538417
ENSG00000204176	10	46955444	46971400
ENSG00000076242	3	37034823	37107380
ENSG00000157764	7	140419127	140624564
ENSG00000137474	11	76839310	76926284
ENSG00000119772	2	25455845	25565459
ENSG00000197616	14	23851199	23877486
ENSG00000171316	8	61591337	61779465
ENSG00000169432	2	167051695	167232503
ENSG00000135100	12	121416346	121440315
ENSG00000128591	7	128470431	128499328
ENSG00000116062	2	47922669	48037240
ENSG00000083093	16	23614488	23652631
ENSG00000188906	12	40590546	40763087
ENSG00000145362	4	113739265	114304896
ENSG00000179348	3	128198270	128212028
ENSG00000171456	20	30946155	31027122
ENSG00000165029	9	107543283	107690518
ENSG00000122512	7	6012870	6048756
ENSG00000102962	16	57392684	57400102
ENSG00000159216	21	36160098	37376965
ENSG00000141458	18	21086148	21166862
ENSG00000127914	7	91570181	91739987
ENSG00000116127	2	73612886	73837920
ENSG00000091536	17	18012020	18083116
ENSG00000039068	16	68771128	68869451
ENSG00000106799	9	101866320	101916474
ENSG00000198707	12	88442793	88535993
ENSG00000183454	16	9852376	10276611
ENSG00000244734	11	5246694	5250625
ENSG00000179295	12	112856155	112947717
ENSG00000057294	12	32943679	33049774
ENSG00000119888	2	47572297	47614740
ENSG00000109501	4	6271576	6304992
ENSG00000068078	4	1795034	1810599
ENSG00000084674	2	21224301	21266945
ENSG00000187498	13	110801318	110959496
ENSG00000163359	2	238232646	238323018
ENSG00000189056	7	103112231	103629963
ENSG00000171094	2	29415640	30144432
ENSG00000136531	2	166095912	166248818
ENSG00000049540	7	73442119	73484237
ENSG00000005339	16	3775055	3930727
ENSG00000231852	6	32006042	32009447
ENSG00000177084	12	133200348	133263951
ENSG00000165699	9	135766735	135820020
ENSG00000124006	2	220415451	220436581
ENSG00000108557	17	17584787	17714767
ENSG00000102393	X	100652791	100662913
ENSG00000171759	12	103230663	103352188
ENSG00000143669	1	235824341	236046940
ENSG00000138413	2	209100951	209130798
ENSG00000138376	2	215590370	215674428
ENSG00000123500	6	116440086	116479910
ENSG00000196628	18	52889562	53332018
ENSG00000168769	4	106067032	106200973
ENSG00000155087	8	103563800	103573245
ENSG00000121057	17	55162453	55198710
ENSG00000117394	1	43391052	43424530
ENSG00000115138	2	25383722	25391772
ENSG00000107099	9	214854	465259
ENSG00000134086	3	10182692	10193904
ENSG00000123191	13	52506809	52585630
ENSG00000110799	12	6058040	6233936
ENSG00000103313	16	3292028	3306627
ENSG00000101680	18	6941743	7117813
ENSG00000060237	12	861759	1020618
ENSG00000046604	18	29078006	29128971
ENSG00000036828	3	121902530	122005342
ENSG00000188107	6	64429876	66417118
ENSG00000185920	9	98205262	98279339
ENSG00000165194	X	99546642	99665271
ENSG00000151150	10	61786056	62493248
ENSG00000115415	2	191829084	191885686
ENSG00000080815	14	73603126	73690399
ENSG00000066468	10	123237848	123357972
ENSG00000054983	14	88304164	88460009
ENSG00000258366	20	62289163	62328416
ENSG00000164362	5	1253262	1295184
ENSG00000150995	3	4535032	4889524
ENSG00000133703	12	25357723	25403870
ENSG00000186951	22	46546424	46639653
ENSG00000180644	10	72357104	72362531
ENSG00000171867	20	4666882	4682236
ENSG00000156313	X	38128416	38186817
ENSG00000139687	13	48877887	49056122
ENSG00000118046	19	1189406	1228428
ENSG00000251322	22	51112843	51171726
ENSG00000161270	19	36316866	36360189
ENSG00000077522	1	236849754	236927931
ENSG00000000971	1	196621008	196716634
ENSG00000174840	3	57542003	57552571
ENSG00000118058	11	118307205	118397539
ENSG00000117118	1	17345217	17380665
ENSG00000091137	7	107301080	107358254
ENSG00000073578	5	218356	256815
ENSG00000197150	7	150725510	150744869
ENSG00000143537	1	155023042	155035252
ENSG00000141646	18	48494410	48611415
ENSG00000137700	11	118894824	118901616
ENSG00000134250	1	120454176	120612240
ENSG00000101986	X	152990323	153010216
ENSG00000007314	17	62015914	62050278
ENSG00000004700	12	21621845	21654603
ENSG00000253729	8	48685669	48872743
ENSG00000198836	3	193310933	193415612
ENSG00000196876	12	51984050	52206648
ENSG00000185313	3	38738293	38835501
ENSG00000166949	15	67356101	67487533
ENSG00000132549	8	100025494	100889808
ENSG00000130635	9	137533620	137736686
ENSG00000103335	16	88781751	88851619
ENSG00000100106	22	38093011	38172563
ENSG00000184381	22	38507502	38601697
ENSG00000165671	5	176560026	176727216
ENSG00000117713	1	27022524	27108595
ENSG00000113263	5	156569944	156682201
ENSG00000107890	10	27280843	27389421
ENSG00000072778	17	7120444	7128592
ENSG00000173898	11	66452719	66496697
ENSG00000166311	11	6411655	6416228
ENSG00000164458	6	166571144	166582188
ENSG00000163513	3	30647994	30735634
ENSG00000155966	X	147582139	148082193
ENSG00000137077	9	34709002	34710121
ENSG00000105639	19	17935589	17958880
ENSG00000091483	1	241660903	241683061
ENSG00000087460	20	57414773	57486247
ENSG00000073711	3	135684515	135866733
ENSG00000060718	1	103342023	103574052
ENSG00000187790	14	45605143	45670093
ENSG00000164692	7	94023873	94060544
ENSG00000135636	2	71680852	71913898
ENSG00000100393	22	41487790	41576081
ENSG00000021574	2	32288680	32382706
ENSG00000008086	X	18443703	18671749
ENSG00000203867	10	112404155	112599227
ENSG00000165240	X	77166194	77305892
ENSG00000162711	1	247579458	247612410
ENSG00000142168	21	33031935	33041244
ENSG00000139219	12	48366748	48398269
ENSG00000115687	2	242045514	242089679
ENSG00000100345	22	36677327	36784063
ENSG00000074047	2	121493199	121750229
ENSG00000066279	1	197053258	197115824
ENSG00000006071	11	17414432	17498449
ENSG00000245848	19	33790840	33793470
ENSG00000197912	16	89557325	89624176
ENSG00000184937	11	32409321	32457176
ENSG00000177628	1	155204243	155214490
ENSG00000162337	11	68080077	68216743
ENSG00000144908	3	125822412	125916837
ENSG00000133895	11	64570982	64578766
ENSG00000118194	1	201328136	201346890
ENSG00000117054	1	76190036	76253260
ENSG00000108384	17	56769934	56811703
ENSG00000099377	16	30996519	31000473
ENSG00000054523	1	10270863	10441661
ENSG00000010704	6	26087509	26098571
ENSG00000183638	8	10463859	10569697
ENSG00000172037	3	49158547	49170551
ENSG00000169247	5	148303202	148442726
ENSG00000142156	21	47401651	47424964
ENSG00000129991	19	55663137	55669141
ENSG00000126709	1	27992572	27998729
ENSG00000115904	2	39208537	39351486
ENSG00000111262	12	5019071	5040527
ENSG00000105409	19	42470734	42501649
ENSG00000086967	19	50936160	50969578
ENSG00000196557	16	1203241	1271771
ENSG00000185345	6	161768452	163148803
ENSG00000163914	3	129247483	129254012
ENSG00000148408	9	140772241	141019076
ENSG00000136574	8	11534468	11617511
ENSG00000130294	2	241653181	241759725
ENSG00000111199	12	110220890	110271212
ENSG00000106633	7	44183872	44237769
ENSG00000105976	7	116312444	116438440
ENSG00000085563	7	87133175	87342611
ENSG00000196569	6	129204342	129837714
ENSG00000160349	9	138413284	138418378
ENSG00000159921	9	36214438	36277053
ENSG00000152217	18	42260138	42648475
ENSG00000151835	13	23902965	24007841
ENSG00000145555	5	16665395	16936372
ENSG00000140416	15	63334831	63364114
ENSG00000134755	18	28645940	28682378
ENSG00000083857	4	187508937	187647876
ENSG00000248746	11	66313866	66330800
ENSG00000236320	17	33875144	33885117
ENSG00000167995	11	61717293	61732987
ENSG00000163558	3	169940153	170023769
ENSG00000134376	1	197170592	197447585
ENSG00000125730	19	6677715	6730573
ENSG00000125124	16	56500748	56554195
ENSG00000121879	3	178865902	178957881
ENSG00000115267	2	163123589	163175213
ENSG00000101981	X	138612917	138645617
ENSG00000101384	20	10618332	10654694
ENSG00000096968	9	4985033	5128183
ENSG00000091262	16	16242785	16317379
ENSG00000078328	16	6069095	7763340
ENSG00000179915	2	50145643	51259674
ENSG00000178573	16	79619740	79634611
ENSG00000178445	9	6532464	6645650
ENSG00000170876	3	14166440	14185179
ENSG00000169562	X	70435044	70445366
ENSG00000167371	16	29823177	29827201
ENSG00000142173	21	47518011	47552763
ENSG00000138622	15	73612200	73661605
ENSG00000130714	9	134378289	134399193
ENSG00000118271	18	29171689	29178974
ENSG00000116688	1	12040238	12073571
ENSG00000100697	14	95552565	95624347
ENSG00000081248	1	201008642	201081694
ENSG00000197410	4	155153399	155412930
ENSG00000186868	17	43971748	44105700
ENSG00000162551	1	21835858	21904905
ENSG00000160957	8	145736667	145743229
ENSG00000157184	1	53662101	53679869
ENSG00000151092	3	25760435	25831530
ENSG00000142208	14	105235686	105262088
ENSG00000107798	10	90973326	91174314
ENSG00000107796	10	90694831	90751147
ENSG00000107290	9	135136743	135230372
ENSG00000102316	X	54834032	54842445
ENSG00000101596	18	2655737	2805015
ENSG00000075043	20	62037542	62103993
ENSG00000072849	17	5374571	5390131
ENSG00000197386	4	3076408	3245676
ENSG00000197249	14	94843084	94857030
ENSG00000188037	7	143013219	143049176
ENSG00000182871	21	46825052	46933634
ENSG00000174469	7	145813453	148118090
ENSG00000171680	1	6526152	6580121
ENSG00000164190	5	36876861	37066515
ENSG00000136068	3	57994127	58157982
ENSG00000130826	X	153991031	154005964
ENSG00000122367	10	88428206	88495825
ENSG00000114062	15	25582381	25684128
ENSG00000112769	6	112429963	112576141
ENSG00000100888	14	21853353	21924285
ENSG00000092969	1	218519577	218617961
ENSG00000069431	12	21950335	22094336
ENSG00000069011	5	134363425	134370503
ENSG00000066427	14	92524896	92572965
ENSG00000030582	17	42422614	42430470
ENSG00000010292	12	6602522	6641121
ENSG00000203485	14	105155943	105185942
ENSG00000197375	5	131705444	131731306
ENSG00000188157	1	955503	991496
ENSG00000179941	12	76738254	76742222
ENSG00000179218	19	13049392	13055303
ENSG00000144554	3	10068098	10143614
ENSG00000138829	5	127593601	127994878
ENSG00000137074	9	32972604	33025166
ENSG00000136492	17	59758627	59940882
ENSG00000135535	6	109687717	109703762
ENSG00000132842	5	77296349	77590579
ENSG00000129535	14	24549316	24584223
ENSG00000112619	6	42664340	42690312
ENSG00000105663	19	36208921	36229779
ENSG00000104320	8	90945564	91015456
ENSG00000090861	16	70286198	70323446
ENSG00000037280	5	180028506	180076624
ENSG00000204262	2	189896622	190044605
ENSG00000185960	X	585079	620146
ENSG00000175084	2	220283099	220291461
ENSG00000162065	16	2525147	2555735
ENSG00000155816	1	240177648	240638489
ENSG00000145675	5	67511548	67597649
ENSG00000143125	1	110993822	110999976
ENSG00000142192	21	27252861	27543446
ENSG00000138778	4	104026963	104119566
ENSG00000127616	19	11071598	11176071
ENSG00000124788	6	16299343	16761722
ENSG00000105711	19	35521588	35531352
ENSG00000077782	8	38268656	38326352
ENSG00000065427	16	75661622	75682541
ENSG00000009724	1	11086580	11107290
ENSG00000004848	X	25021811	25034065
ENSG00000258667	14	62182276	62217815
ENSG00000225830	10	50663414	50747584
ENSG00000204843	2	74588281	74619214
ENSG00000204406	2	148778580	149275805
ENSG00000198793	1	11166592	11322564
ENSG00000197299	15	91260558	91358859
ENSG00000197283	6	33387847	33421466
ENSG00000188827	16	3631182	3661599
ENSG00000188153	X	107683074	107940775
ENSG00000186790	1	47881744	47883723
ENSG00000184634	X	70338406	70362303
ENSG00000174231	17	1553923	1588176
ENSG00000159197	21	35736323	35743688
ENSG00000157388	3	53528683	53847760
ENSG00000152894	6	128289924	128841870
ENSG00000150275	10	55562531	57387702
ENSG00000143632	1	229566992	229569845
ENSG00000140650	16	8882680	8943188
ENSG00000130529	19	49660998	49715093
ENSG00000130402	19	39138289	39222223
ENSG00000130203	19	45409011	45412650
ENSG00000127990	7	94214542	94285521
ENSG00000112659	6	43149913	43192325
ENSG00000110921	12	110011060	110035067
ENSG00000104133	15	44854894	44955876
ENSG00000089280	16	31191431	31203127
ENSG00000078814	20	33563206	33590240
ENSG00000077498	11	88910620	89028927
ENSG00000070915	16	56899119	56949762
ENSG00000213689	3	48506445	48509044
ENSG00000213614	15	72635775	72668817
ENSG00000205403	4	110661852	110723335
ENSG00000198899	M	8527	9207
ENSG00000198589	4	151185594	151936879
ENSG00000183735	12	64845660	64895888
ENSG00000181027	19	47249303	47280245
ENSG00000172893	11	71139239	71163914
ENSG00000171608	1	9711790	9789172
ENSG00000170807	7	123295861	123304344
ENSG00000168477	6	32008931	32083111
ENSG00000159640	17	61554422	61599205
ENSG00000158169	9	97861336	98079991
ENSG00000147889	9	21967751	21995300
ENSG00000138061	2	38294116	38337044
ENSG00000135218	7	79998891	80308593
ENSG00000131238	1	40538379	40563375
ENSG00000127588	16	848041	850733
ENSG00000126001	20	34042985	34099804
ENSG00000123416	12	49521565	49525180
ENSG00000122025	13	28577411	28674729
ENSG00000118729	1	116242628	116311402
ENSG00000110395	11	119076752	119178859
ENSG00000107147	9	138594031	138684992
ENSG00000104884	19	45853095	45874176
ENSG00000102001	X	49061523	49089833
ENSG00000100804	14	23485752	23504439
ENSG00000095970	6	41126244	41130924
ENSG00000092929	17	73823306	73840798
ENSG00000072756	3	3168600	3192563
ENSG00000062822	19	50887461	50921273
ENSG00000054598	6	1610681	1614127
ENSG00000036473	X	38211798	38280703
ENSG00000021826	2	211342406	211543831
ENSG00000215301	X	41192651	41223725
ENSG00000198734	1	169483404	169555826
ENSG00000176884	9	140032842	140063207
ENSG00000175445	8	19759228	19824769
ENSG00000169031	2	228029281	228179508
ENSG00000166341	11	6642556	6677085
ENSG00000163531	1	204797779	204991950
ENSG00000162614	1	78354198	78409580
ENSG00000157404	4	55524085	55606881
ENSG00000152661	6	121756838	121770873
ENSG00000134853	4	55095264	55164414
ENSG00000133112	13	45911008	45915505
ENSG00000132142	17	35441923	35766909
ENSG00000123374	12	56360553	56366568
ENSG00000123066	12	116395711	116715143
ENSG00000122971	12	121163538	121177811
ENSG00000120436	6	167569759	167571817
ENSG00000118503	6	138188351	138204449
ENSG00000116016	2	46520806	46613836
ENSG00000111640	12	6643093	6647537
ENSG00000107643	10	49514698	49647403
ENSG00000106462	7	148504475	148581413
ENSG00000104517	8	103265240	103425069
ENSG00000104237	8	55528627	55543394
ENSG00000101901	X	110909043	111003877
ENSG00000095015	5	56111401	56191979
ENSG00000081307	3	132373290	132396941
ENSG00000046651	X	13752832	13787480
ENSG00000241973	22	21061979	21213705
ENSG00000227124	3	75758794	75834734
ENSG00000198513	14	50999227	51099786
ENSG00000197915	1	152184558	152196669
ENSG00000196367	7	98475556	98610866
ENSG00000184304	14	30045687	30661104
ENSG00000180228	2	179296141	179316239
ENSG00000179532	11	6518490	6614988
ENSG00000175054	3	142168077	142297668
ENSG00000174705	5	171752185	171881527
ENSG00000173575	15	93426526	93571237
ENSG00000169359	3	155538813	155572218
ENSG00000166603	18	58038564	58040001
ENSG00000165995	10	18429606	18830798
ENSG00000165124	9	113127531	113342160
ENSG00000164116	4	156587863	156653501
ENSG00000163930	3	52435029	52444366
ENSG00000160218	21	45432200	45526433
ENSG00000157766	15	89346674	89418585
ENSG00000147257	X	132669773	133119922
ENSG00000146247	6	79645584	79787953
ENSG00000145321	4	72607410	72669758
ENSG00000140279	15	45384848	45406542
ENSG00000129170	11	19203578	19232120
ENSG00000122691	7	19060614	19157295
ENSG00000114861	3	71003844	71633140
ENSG00000109927	11	120971882	121062202
ENSG00000106991	9	130577291	130617035
ENSG00000105397	19	10461209	10491352
ENSG00000099331	19	17186591	17325346
ENSG00000088053	19	55525073	55549632
ENSG00000080503	9	2015342	2193624
ENSG00000070814	5	149737202	149779871
ENSG00000070729	16	57917503	58005020
ENSG00000010671	X	100604435	100641183
ENSG00000254585	15	23888691	23891175
ENSG00000204248	6	33130458	33160276
ENSG00000197694	9	131314866	131395941
ENSG00000183258	5	176938578	176944470
ENSG00000183072	5	172659112	172662360
ENSG00000171954	19	15619304	15663128
ENSG00000171735	1	6845384	7829766
ENSG00000170180	4	145030457	145061904
ENSG00000169710	17	80036214	80056208
ENSG00000166813	15	90152020	90198682
ENSG00000165280	9	35056061	35073246
ENSG00000164588	5	45259349	45696253
ENSG00000160200	21	44473301	44497053
ENSG00000159251	15	35080297	35088340
ENSG00000154263	17	67143355	67240987
ENSG00000153922	5	98190908	98262240
ENSG00000151929	10	121410882	121437331
ENSG00000146085	6	49398073	49430904
ENSG00000139988	14	68168603	68201169
ENSG00000138029	2	26466038	26513336
ENSG00000136869	9	120466610	120479149
ENSG00000132518	17	7905912	7923657
ENSG00000131183	5	176806236	176825849
ENSG00000128656	2	175664091	175870097
ENSG00000123240	10	13141449	13180291
ENSG00000120094	17	46605888	46608359
ENSG00000116745	1	68894505	68915642
ENSG00000105227	19	40899675	40919273
ENSG00000101076	20	42984340	43061485
ENSG00000092439	15	50844670	50979012
ENSG00000086758	X	53559057	53713673
ENSG00000067182	12	6437923	6451280
ENSG00000065057	16	2089816	2097867
ENSG00000026751	1	160709037	160724611
ENSG00000250479	22	24108021	24110630
ENSG00000240303	3	132276982	132379567
ENSG00000206066	22	25714223	25716047
ENSG00000204217	2	203241659	203432474
ENSG00000197971	18	74690783	74845639
ENSG00000196586	6	76458909	76629254
ENSG00000188641	1	97543299	98386605
ENSG00000184009	17	79476997	79490873
ENSG00000181090	9	140513444	140764468
ENSG00000177000	1	11845780	11866977
ENSG00000176165	14	29235050	29238870
ENSG00000175198	13	100741269	101182686
ENSG00000173991	17	37820440	37822808
ENSG00000169814	3	15642848	15687329
ENSG00000157933	1	2160134	2241558
ENSG00000156650	10	76585340	76792380
ENSG00000154803	17	17115526	17140502
ENSG00000153956	7	81575760	82073114
ENSG00000153201	2	109335937	109402267
ENSG00000146938	X	5758678	6146904
ENSG00000143252	1	161284047	161332984
ENSG00000141431	18	31158579	31331156
ENSG00000140836	16	72816784	73093597
ENSG00000135541	6	135604670	135818914
ENSG00000130816	19	10244021	10341962
ENSG00000125675	X	122318006	122624766
ENSG00000119535	1	36931644	36948879
ENSG00000114859	3	184063973	184079439
ENSG00000085224	X	76760356	77041702
ENSG00000080603	16	30709530	30755602
ENSG00000065618	10	105791044	105845760
ENSG00000015133	14	91737667	91884188
ENSG00000010438	9	33750515	33799230
ENSG00000213949	5	52083730	52255040
ENSG00000198211	16	89985573	90002500
ENSG00000197603	5	37106330	37249530
ENSG00000196365	19	5691845	5720583
ENSG00000187796	9	139256355	139268133
ENSG00000186472	7	82383329	82792246
ENSG00000186081	12	52908359	52914471
ENSG00000184058	22	19744226	19771116
ENSG00000172638	11	65633912	65641063
ENSG00000170113	15	23043277	23100005
ENSG00000167972	16	2325882	2390747
ENSG00000164946	9	14734664	14910993
ENSG00000152642	3	32147181	32210205
ENSG00000152556	12	48498922	48540187
ENSG00000145715	5	86563705	86687748
ENSG00000141736	17	37844167	37886679
ENSG00000141519	17	78010435	78074412
ENSG00000133020	17	10293639	10325267
ENSG00000127329	12	70910630	71031220
ENSG00000126524	7	66452664	66460588
ENSG00000116218	1	179519674	179545087
ENSG00000115524	2	198254508	198299815
ENSG00000108556	17	4801069	4806369
ENSG00000108381	17	3375668	3406713
ENSG00000107104	9	470291	746105
ENSG00000105329	19	41807492	41859816
ENSG00000103707	15	65294845	65321977
ENSG00000103148	16	134273	188859
ENSG00000100150	22	32149944	32303012
ENSG00000100146	22	38366693	38383429
ENSG00000081052	2	227867427	228028829
ENSG00000073009	X	153769414	153796782
ENSG00000067177	X	71798664	71934167
ENSG00000057252	1	179262925	179327815
ENSG00000051341	3	121150278	121264853
ENSG00000049323	2	33172039	33624576
ENSG00000048342	4	15471489	15603180
ENSG00000044446	X	18910418	19002716
ENSG00000034971	1	171604557	171621823
ENSG00000206172	16	226679	227521
ENSG00000204120	2	233562009	233725285
ENSG00000198400	1	156785432	156851642
ENSG00000188419	X	85116185	85302566
ENSG00000185842	1	225083964	225586996
ENSG00000185245	17	4835592	4838325
ENSG00000185002	6	117198375	117253326
ENSG00000184470	22	19863040	19929341
ENSG00000184227	14	74003818	74010498
ENSG00000182220	X	40440146	40465889
ENSG00000179344	6	32627244	32636160
ENSG00000175426	5	95726119	95769847
ENSG00000170365	4	146402346	146479231
ENSG00000168685	5	35852797	35879705
ENSG00000165392	8	30891317	31031285
ENSG00000164904	5	125877533	125931110
ENSG00000163132	4	4861393	4865663
ENSG00000163092	2	167744997	168116263
ENSG00000162105	11	70313961	70963623
ENSG00000158887	1	161274525	161279762
ENSG00000146839	7	100331249	100395419
ENSG00000144028	2	96940074	96971297
ENSG00000143801	1	227057885	227083806
ENSG00000140262	15	57210821	57591479
ENSG00000136854	9	130374544	130457460
ENSG00000134871	13	110958159	111165374
ENSG00000131095	17	42982376	42994305
ENSG00000126264	19	36393382	36395279
ENSG00000113721	5	149493400	149535435
ENSG00000113318	5	79950467	80172279
ENSG00000113013	5	137890571	137911133
ENSG00000112367	6	110012499	110146631
ENSG00000112280	6	70924764	71012786
ENSG00000111319	12	6456009	6486896
ENSG00000108064	10	60144782	60158981
ENSG00000107959	10	3179920	3215003
ENSG00000106571	7	42000548	42277469
ENSG00000103222	16	16043434	16236931
ENSG00000102174	X	22050559	22269427
ENSG00000100985	20	44637547	44645200
ENSG00000086570	5	150883654	150948505
ENSG00000080709	5	113696642	113832337
ENSG00000064687	19	1040102	1065571
ENSG00000009694	X	123509753	124097666
ENSG00000213930	9	34638130	34651032
ENSG00000204983	7	142457319	142460923
ENSG00000198888	M	3307	4262
ENSG00000198515	4	47937994	48018689
ENSG00000197893	10	115348475	115423886
ENSG00000184908	1	16370272	16383803
ENSG00000183337	X	39909068	40036582
ENSG00000180815	X	19378174	19533379
ENSG00000178537	3	48894369	48936426
ENSG00000172752	3	130064359	130203688
ENSG00000172062	5	70220768	70249769
ENSG00000169855	3	78646390	79816965
ENSG00000168447	16	23289552	23392620
ENSG00000168356	3	38887260	38992052
ENSG00000168137	3	9439299	9520924
ENSG00000166340	11	6634000	6640692
ENSG00000165060	9	71650175	71715094
ENSG00000164061	3	49591922	49708978
ENSG00000163659	3	156391024	156424559
ENSG00000161011	5	179233388	179265078
ENSG00000160224	21	45705721	45718531
ENSG00000145217	4	972861	987228
ENSG00000144061	2	110879888	110962643
ENSG00000143575	1	154244987	154248351
ENSG00000140374	15	76507696	76603813
ENSG00000136827	9	132575223	132586413
ENSG00000134308	2	9724101	9771143
ENSG00000132763	1	45965725	45976739
ENSG00000132155	3	12625100	12705725
ENSG00000131828	X	19362011	19379823
ENSG00000130158	19	11309971	11373157
ENSG00000113327	5	161494546	161582542
ENSG00000108946	17	66507921	66547460
ENSG00000107537	10	13319796	13344412
ENSG00000107165	9	12685439	12710290
ENSG00000106105	7	30634297	30673649
ENSG00000104763	8	17913934	17942494
ENSG00000103249	16	1494935	1525581
ENSG00000102145	X	48644962	48652716
ENSG00000091656	8	77593454	77779521
ENSG00000084754	2	26413504	26467594
ENSG00000081189	5	88013975	88199922
ENSG00000079805	19	10828755	10944164
ENSG00000072315	X	111017543	111326004
ENSG00000072110	14	69340860	69446157
ENSG00000023228	2	206979541	207024327
ENSG00000018625	1	160085549	160113381
ENSG00000015285	X	48534985	48549818
ENSG00000011143	17	56282803	56296966
ENSG00000010404	X	148558521	148615470
ENSG00000005471	7	87031013	87109751
ENSG00000256269	11	118955576	118964259
ENSG00000213281	1	115247090	115259515
ENSG00000198670	6	160952515	161087407
ENSG00000196878	1	209788215	209825811
ENSG00000196352	1	207494853	207534311
ENSG00000188389	2	242792033	242801060
ENSG00000187951	15	30916697	31065196
ENSG00000187098	3	69788586	70017488
ENSG00000182533	3	8775486	8883492
ENSG00000181449	3	181429714	181432221
ENSG00000180210	11	46740730	46761056
ENSG00000172534	X	153213004	153237258
ENSG00000171385	1	112313284	112531777
ENSG00000167768	12	53068520	53074191
ENSG00000167522	16	89334038	89556969
ENSG00000165282	9	35088685	35096591
ENSG00000164342	4	186990306	187009223
ENSG00000164093	4	111538579	111563279
ENSG00000163599	2	204732509	204738683
ENSG00000160211	X	153759606	153775787
ENSG00000159363	1	17312453	17338423
ENSG00000156453	5	141232938	141258811
ENSG00000154864	18	10666480	11148587
ENSG00000154162	5	21750782	22853731
ENSG00000151702	11	128556430	128683162
ENSG00000150455	11	126152960	126168740
ENSG00000149554	11	125495036	125546150
ENSG00000147316	8	6264113	6501144
ENSG00000147133	X	70586114	70752224
ENSG00000144452	2	215796266	216003151
ENSG00000139083	12	11802788	12048336
ENSG00000138336	10	70320413	70454239
ENSG00000136931	9	127243516	127269709
ENSG00000136634	1	206940947	206945839
ENSG00000134775	18	33877677	34360018
ENSG00000132740	11	68671310	68708070
ENSG00000132470	17	73717408	73753899
ENSG00000132024	19	14017014	14041692
ENSG00000131398	19	50815194	50836772
ENSG00000130821	X	152953554	152962048
ENSG00000130385	X	50653784	50659607
ENSG00000129250	17	4901243	4931696
ENSG00000129221	17	6297013	6338519
ENSG00000125779	20	3869486	3907605
ENSG00000120802	12	98909290	98944157
ENSG00000116741	1	192778169	192781403
ENSG00000115457	2	217497551	217529159
ENSG00000115414	2	216225163	216300895
ENSG00000112964	5	42423879	42721979
ENSG00000109670	4	153242410	153457253
ENSG00000109471	4	123372625	123377880
ENSG00000105392	19	48322703	48346587
ENSG00000105357	19	50691443	50813802
ENSG00000101945	X	48553945	48567403
ENSG00000101605	18	3066805	3220106
ENSG00000101162	20	57594309	57601709
ENSG00000100294	22	43528212	43539400
ENSG00000100285	22	29876219	29887379
ENSG00000092621	1	120202421	120286838
ENSG00000092295	14	24718320	24733638
ENSG00000090402	3	164696686	164796283
ENSG00000089225	12	114791736	114846247
ENSG00000085185	X	129115083	129192058
ENSG00000075239	11	107992243	108018503
ENSG00000074803	15	48483861	48596275
ENSG00000070182	14	65213002	65346601
ENSG00000039650	19	50364461	50371166
ENSG00000013573	12	31226779	31257725
ENSG00000012171	3	50304990	50314977
ENSG00000012061	19	45910591	45982086
ENSG00000011201	X	8496915	8700227
ENSG00000259207	17	45331212	45421658
ENSG00000225614	16	88493879	88507165
ENSG00000198910	X	153126969	153174677
ENSG00000198689	X	135067598	135129423
ENSG00000197561	19	851014	856242
ENSG00000188770	1	203463271	203477992
ENSG00000187566	6	18120718	18122851
ENSG00000186417	15	51633826	51700210
ENSG00000186090	3	183749332	183757157
ENSG00000184302	14	60975669	60979568
ENSG00000183495	12	132434508	132565005
ENSG00000178919	9	100615536	100618986
ENSG00000174483	11	66278077	66301098
ENSG00000173599	11	66615704	66725847
ENSG00000173585	3	45927996	45944667
ENSG00000171100	X	149737069	149841795
ENSG00000168610	17	40465342	40540586
ENSG00000167210	18	44056935	44236996
ENSG00000162438	1	15764935	15775737
ENSG00000160808	3	46899362	46923659
ENSG00000160201	21	44513066	44527697
ENSG00000157796	4	39184024	39287430
ENSG00000151062	12	1901123	2028002
ENSG00000145020	3	49454211	49460186
ENSG00000142611	1	2985732	3355185
ENSG00000141527	17	78143791	78183130
ENSG00000141404	18	11688955	11885684
ENSG00000140464	15	74287014	74340153
ENSG00000139567	12	52300692	52317145
ENSG00000138798	4	110834040	110933422
ENSG00000138347	10	69865912	69971774
ENSG00000136695	2	113816215	113822959
ENSG00000134160	15	31293264	31453476
ENSG00000133710	5	147405246	147516852
ENSG00000133116	13	33590207	33640282
ENSG00000132475	17	73772515	73781974
ENSG00000128683	2	171669723	171717661
ENSG00000128513	7	124462440	124570037
ENSG00000128191	22	20067755	20099400
ENSG00000128159	22	50656118	50683421
ENSG00000128052	4	55944644	55991756
ENSG00000124615	6	39867354	39902290
ENSG00000122852	10	81370695	81375196
ENSG00000119711	14	74523553	74551196
ENSG00000119684	14	75480467	75518235
ENSG00000117601	1	173872947	173886516
ENSG00000117400	1	43803478	43818443
ENSG00000116984	1	236958610	237067281
ENSG00000114554	3	126707437	126756235
ENSG00000114480	3	81538850	81811312
ENSG00000110057	11	67758575	67772452
ENSG00000108784	17	40688190	40696467
ENSG00000108753	17	36046435	36105237
ENSG00000106617	7	151253197	151574210
ENSG00000106211	7	75931861	75933612
ENSG00000103449	16	51169886	51185278
ENSG00000102893	16	47495034	47735434
ENSG00000101966	X	122993574	123047829
ENSG00000101400	20	31995761	32031698
ENSG00000100412	22	41865129	41924993
ENSG00000100342	22	36649056	36663576
ENSG00000100197	22	42522501	42526908
ENSG00000099822	19	589893	617159
ENSG00000092330	14	24708849	24711880
ENSG00000091831	6	151977826	152450754
ENSG00000091592	17	5402747	5522744
ENSG00000088926	4	187187099	187210835
ENSG00000084774	2	27440258	27466811
ENSG00000081148	3	100941390	101039404
ENSG00000079841	6	72596406	73112845
ENSG00000079459	8	11653082	11696818
ENSG00000078114	10	21068902	21463116
ENSG00000075702	19	36545783	36596008
ENSG00000073282	3	189349205	189615068
ENSG00000068976	11	64513861	64527769
ENSG00000053747	18	21269407	21535030
ENSG00000020922	11	94152895	94227074
ENSG00000014919	10	101471601	101491857
ENSG00000007372	11	31806340	31839509
ENSG00000004139	17	26691378	26728065
ENSG00000001631	7	91828283	91875480
ENSG00000248098	19	41884215	41930910
ENSG00000197181	8	22132810	22215076
ENSG00000196090	20	40701392	41818610
ENSG00000187634	1	860260	879955
ENSG00000187486	11	17407406	17410878
ENSG00000185885	11	313506	315272
ENSG00000185008	3	75955846	77699115
ENSG00000180316	6	36210980	36276372
ENSG00000180053	8	23559964	23564111
ENSG00000174197	15	41913422	42062141
ENSG00000173040	4	5544499	5711275
ENSG00000171714	11	22214722	22304903
ENSG00000170835	9	135937365	135947248
ENSG00000169894	7	100547187	100611118
ENSG00000169344	16	20344374	20367623
ENSG00000168036	3	41236328	41301587
ENSG00000168000	11	62457747	62477317
ENSG00000166833	11	19372271	20143144
ENSG00000166068	15	38544527	38649450
ENSG00000165702	9	135820932	135867083
ENSG00000164754	8	117858174	117887105
ENSG00000163541	2	84650647	84687169
ENSG00000163395	1	201159953	201198080
ENSG00000162688	1	100315640	100389579
ENSG00000161905	17	4534197	4545589
ENSG00000160791	3	46411633	46417697
ENSG00000158445	20	47980414	48099184
ENSG00000157540	21	38738092	38889753
ENSG00000157152	3	12045876	12232900
ENSG00000156110	10	75910960	76469061
ENSG00000153234	2	157180944	157198860
ENSG00000151849	13	25457171	25497018
ENSG00000149922	16	30097114	30103208
ENSG00000149596	20	42740335	42816218
ENSG00000148677	10	92671853	92681033
ENSG00000148384	9	139323071	139334274
ENSG00000147050	X	44732757	44971847
ENSG00000141012	16	88880142	88923378
ENSG00000138777	4	106290234	106395238
ENSG00000138435	2	175612320	175629200
ENSG00000138035	2	55861400	55921045
ENSG00000137462	4	154622652	154626851
ENSG00000137364	6	18128542	18155305
ENSG00000136717	2	127805603	127864931
ENSG00000136352	14	36985602	36990354
ENSG00000136104	13	51483814	51544592
ENSG00000133063	1	203181955	203242769
ENSG00000128973	15	68499330	68549549
ENSG00000128655	2	178487980	178973066
ENSG00000128272	22	39915700	39918691
ENSG00000124813	6	45295894	45632086
ENSG00000124766	6	21593972	21598847
ENSG00000123815	19	41197434	41224112
ENSG00000122966	12	120123595	120315095
ENSG00000122126	X	128673826	128726538
ENSG00000119689	14	75348594	75370448
ENSG00000115648	2	238394071	238463961
ENSG00000115361	2	211052663	211090215
ENSG00000113971	3	132276986	132441303
ENSG00000113522	5	131891711	131980313
ENSG00000112425	6	145822719	146057160
ENSG00000112038	6	154331631	154568001
ENSG00000111276	12	12867992	12875305
ENSG00000110693	11	15987995	16761138
ENSG00000110090	11	68522088	68611878
ENSG00000109063	17	10531843	10560626
ENSG00000108061	10	112679301	112773425
ENSG00000107186	9	13105703	13279589
ENSG00000106976	9	130965658	131017527
ENSG00000106829	9	82186688	82341658
ENSG00000106128	7	30978284	31032869
ENSG00000105610	19	12995237	12997995
ENSG00000102081	X	146993469	147032645
ENSG00000101306	20	30407111	30422492
ENSG00000100523	14	53510686	53620000
ENSG00000100504	14	51324609	51411454
ENSG00000099337	19	38810484	38819660
ENSG00000096093	6	52285106	52387892
ENSG00000092200	14	21756098	21819460
ENSG00000080819	3	98239976	98312567
ENSG00000071564	19	1609291	1652604
ENSG00000071127	4	10075963	10118573
ENSG00000064601	20	44518783	44527459
ENSG00000056972	6	111877657	111927481
ENSG00000049768	X	49106897	49121288
ENSG00000007062	4	15964699	16086001
ENSG00000004939	17	42325753	42345509
ENSG00000004897	17	45195069	45266788
ENSG00000270141	3	169482308	169482848
ENSG00000258777	14	62147759	62162541
ENSG00000256525	17	62473902	62493154
ENSG00000242866	15	43891596	44010458
ENSG00000241635	2	234526291	234681956
ENSG00000240505	17	16832849	16875432
ENSG00000234438	15	65369154	65372276
ENSG00000205336	16	57644564	57698944
ENSG00000205277	7	100612904	100662230
ENSG00000198668	14	90862846	90874605
ENSG00000196839	20	43248163	43280874
ENSG00000196396	20	49126891	49201299
ENSG00000188162	11	17568920	17668697
ENSG00000186153	16	78133310	79246564
ENSG00000185010	X	154064063	154255215
ENSG00000184985	4	7194265	7744554
ENSG00000182759	8	144501352	144512576
ENSG00000182606	3	42055294	42267381
ENSG00000179455	15	23810454	23873064
ENSG00000175325	5	177419236	177423243
ENSG00000174405	13	108859787	108870716
ENSG00000172936	3	38179969	38184513
ENSG00000171551	2	233344537	233352538
ENSG00000170264	2	62051989	62081278
ENSG00000170004	17	7788124	7816078
ENSG00000169946	8	106330920	106816760
ENSG00000167772	19	8428173	8439257
ENSG00000167716	17	1619817	1641893
ENSG00000166866	12	57422301	57444982
ENSG00000166548	16	66541906	66586447
ENSG00000164953	8	94767072	94831462
ENSG00000164010	1	43282795	43310660
ENSG00000163554	1	158580496	158656488
ENSG00000162882	2	42994229	43019733
ENSG00000160867	5	176513887	176525145
ENSG00000160710	1	154554538	154600475
ENSG00000160323	9	136279478	136324508
ENSG00000160145	3	123798870	124445172
ENSG00000158517	7	74188309	74203659
ENSG00000157103	3	11034410	11080933
ENSG00000156709	X	129263337	129299861
ENSG00000156515	10	71029740	71161638
ENSG00000156113	10	78629359	79398353
ENSG00000156052	9	80331003	80646374
ENSG00000152591	4	88529681	88538062
ENSG00000150093	10	33189247	33294720
ENSG00000148600	10	85954410	85979377
ENSG00000145335	4	90645250	90759466
ENSG00000143995	2	66660584	66801001
ENSG00000143921	2	44066103	44105605
ENSG00000143799	1	226548392	226595780
ENSG00000143622	1	155867599	155881195
ENSG00000143318	1	160160285	160171676
ENSG00000142599	1	8412457	8877702
ENSG00000140443	15	99192200	99507759
ENSG00000140199	15	34525460	34630261
ENSG00000139304	12	80799774	81072802
ENSG00000138823	4	100484918	100545156
ENSG00000138083	2	45168902	45173216
ENSG00000136244	7	22765503	22771621
ENSG00000136143	13	48510622	48612125
ENSG00000135917	2	228549926	228582728
ENSG00000135902	2	233390703	233401377
ENSG00000135829	1	182808504	182856886
ENSG00000135297	6	74171301	74218959
ENSG00000134389	1	196946667	196978804
ENSG00000132205	18	2847028	2915991
ENSG00000132170	3	12328867	12475855
ENSG00000131389	3	14444076	14530857
ENSG00000129116	4	169418217	169849608
ENSG00000128829	15	40226347	40327797
ENSG00000127415	4	980785	998316
ENSG00000127241	3	186935942	187009810
ENSG00000126522	7	65540785	65558545
ENSG00000125356	X	119005450	119010625
ENSG00000125107	16	58553855	58663790
ENSG00000125084	12	49372398	49375459
ENSG00000122507	7	33168856	33645680
ENSG00000120948	1	11072414	11085796
ENSG00000120156	9	27109139	27230173
ENSG00000119392	9	131266979	131304567
ENSG00000118762	4	88928820	88998929
ENSG00000116254	1	6161853	6240183
ENSG00000114054	3	135969148	136056738
ENSG00000113946	3	190040330	190129932
ENSG00000111245	12	111348623	111358526
ENSG00000111206	12	2966847	2986206
ENSG00000110514	11	47290712	47351582
ENSG00000108510	17	60019966	60142643
ENSG00000108055	10	112327449	112364394
ENSG00000106804	9	123714616	123812554
ENSG00000105851	7	106505723	106547590
ENSG00000104881	19	45882892	45909607
ENSG00000104812	19	49471382	49496567
ENSG00000103876	15	80444832	80479288
ENSG00000102755	13	28874489	29069265
ENSG00000102302	X	54471887	54522599
ENSG00000100299	22	51061182	51066607
ENSG00000093072	22	17660194	17702879
ENSG00000092758	20	61447596	61472511
ENSG00000089094	12	121866900	122018920
ENSG00000087116	5	178537852	178772431
ENSG00000075399	16	89773542	89787394
ENSG00000073734	2	169779448	169887832
ENSG00000072121	14	68194091	68283307
ENSG00000070756	8	101698044	101735037
ENSG00000068724	2	47143296	47303276
ENSG00000068305	15	100017370	100256671
ENSG00000033011	16	5083703	5137380
ENSG00000008517	16	3115298	3131908
ENSG00000008056	X	47431303	47479252
ENSG00000005893	X	119561682	119603220
ENSG00000273079	12	13693165	14133053
ENSG00000259384	17	61994560	61996179
ENSG00000257923	7	101458959	101927249
ENSG00000234745	6	31321649	31324965
ENSG00000228131	14	106376269	106376286
ENSG00000213512	1	89597434	89641723
ENSG00000204370	11	111957497	111990353
ENSG00000203710	1	207669492	207813992
ENSG00000198959	20	36756863	36794980
ENSG00000198804	M	5904	7445
ENSG00000197563	18	59710800	59854351
ENSG00000196126	6	32546546	32557625
ENSG00000186575	22	29999545	30094587
ENSG00000185811	7	50343720	50472799
ENSG00000185482	12	57637236	57644976
ENSG00000183862	X	150906923	150913776
ENSG00000182890	X	120181462	120183794
ENSG00000182500	12	122064455	122080583
ENSG00000181555	3	47057919	47205457
ENSG00000181004	4	123653857	123666098
ENSG00000180176	11	2185159	2193107
ENSG00000179954	19	55999771	56030465
ENSG00000177455	16	28943260	28950667
ENSG00000175595	16	14014014	14046202
ENSG00000175003	6	160542821	160579750
ENSG00000174371	1	242011269	242058450
ENSG00000172766	13	41885341	41951166
ENSG00000171811	10	134621896	134756327
ENSG00000171791	18	60790579	60987361
ENSG00000170962	11	103777914	104035107
ENSG00000170866	19	54799854	54809952
ENSG00000170209	11	113258513	113271140
ENSG00000169862	5	10971952	11904155
ENSG00000169554	2	145141648	145282147
ENSG00000168724	5	34929698	34959069
ENSG00000166349	11	36532259	36614706
ENSG00000165588	14	57267425	57277197
ENSG00000164266	5	147204131	147211349
ENSG00000163682	4	39455744	39460568
ENSG00000160882	8	143953772	143961262
ENSG00000160796	3	47021173	47051193
ENSG00000160117	19	17392454	17398455
ENSG00000159459	15	43235095	43398311
ENSG00000159023	1	29213603	29446553
ENSG00000158321	7	69063905	70258054
ENSG00000158022	1	26377795	26394927
ENSG00000156170	8	95907995	96128683
ENSG00000155130	6	114178541	114184648
ENSG00000154767	3	14186647	14220283
ENSG00000154473	10	124913793	124924886
ENSG00000154310	3	170779128	171178197
ENSG00000153933	17	54911460	54946036
ENSG00000153187	1	245014468	245027844
ENSG00000151023	10	25270908	25305089
ENSG00000147044	X	41374187	41782716
ENSG00000146021	5	136953189	137071779
ENSG00000143842	1	204042243	204096863
ENSG00000143627	1	155259630	155271225
ENSG00000143603	1	154669931	154842756
ENSG00000143442	1	151375200	151431941
ENSG00000142405	19	54296857	54327648
ENSG00000140694	16	14529558	14726585
ENSG00000140326	15	43015757	43029324
ENSG00000140092	14	92335756	92414331
ENSG00000139044	12	569530	672675
ENSG00000136929	9	100689073	100707138
ENSG00000136280	7	45039074	45116068
ENSG00000136011	12	103981051	104160505
ENSG00000135446	12	58141510	58149796
ENSG00000135249	7	105172532	105208124
ENSG00000134760	18	28898052	28936992
ENSG00000134369	1	201592411	201796102
ENSG00000134313	2	8865408	8977760
ENSG00000132915	5	149237519	149324356
ENSG00000131697	1	5922871	6052533
ENSG00000130348	6	107077453	107116292
ENSG00000130005	19	1397091	1401569
ENSG00000128928	15	40697686	40728146
ENSG00000126351	17	38214543	38250120
ENSG00000125813	20	21686297	21696620
ENSG00000124181	20	39765600	39811629
ENSG00000124151	20	46130601	46285621
ENSG00000123700	17	68164814	68176189
ENSG00000123143	19	14543865	14582679
ENSG00000121417	19	58141761	58154147
ENSG00000120217	9	5450503	5470566
ENSG00000120071	17	44107282	44302733
ENSG00000119866	2	60678302	60780702
ENSG00000119699	14	76424442	76449334
ENSG00000115392	2	58386378	58468507
ENSG00000114956	2	74153953	74186088
ENSG00000114854	3	52485118	52488086
ENSG00000112877	5	612387	667283
ENSG00000112294	6	24495080	24537435
ENSG00000112096	6	160090089	160183561
ENSG00000111799	6	75794042	75915767
ENSG00000109320	4	103422486	103538459
ENSG00000109099	17	15133095	15168643
ENSG00000107984	10	54074056	54077802
ENSG00000104728	8	1772142	1906807
ENSG00000103494	16	53631595	53737850
ENSG00000103043	16	70721342	70835064
ENSG00000102977	16	67691415	67694713
ENSG00000102034	X	129198849	129244691
ENSG00000100578	14	58894103	59015216
ENSG00000100075	22	19163095	19166343
ENSG00000099139	9	78505560	78977255
ENSG00000097007	9	133589333	133763062
ENSG00000092529	15	42640301	42704516
ENSG00000091140	7	107531415	107572175
ENSG00000091138	7	107405912	107443670
ENSG00000090020	1	27425306	27493472
ENSG00000080839	20	35624752	35724398
ENSG00000079432	19	42772689	42799949
ENSG00000076555	12	109554400	109706031
ENSG00000072195	2	220299568	220363009
ENSG00000070018	12	12268959	12419946
ENSG00000066926	18	55215515	55254004
ENSG00000057593	13	113760105	113774995
ENSG00000049249	1	7979907	8000926
ENSG00000048392	8	103216730	103251346
ENSG00000035403	10	75757872	75879918
ENSG00000029534	8	41510739	41754280
ENSG00000022355	5	161274197	161326975
ENSG00000022267	X	135229559	135293518
ENSG00000228253	M	8366	8572
ENSG00000215193	22	18560689	18613905
ENSG00000214274	14	21152336	21167130
ENSG00000213341	10	101948055	101989376
ENSG00000204520	6	31371356	31383092
ENSG00000204316	17	73894724	73905899
ENSG00000198924	10	115594488	115614142
ENSG00000198722	9	35161999	35405335
ENSG00000198569	9	140125209	140131006
ENSG00000198523	6	118869461	118881893
ENSG00000198286	7	2945775	3083579
ENSG00000197579	9	32540542	32552551
ENSG00000196498	12	124808961	125052135
ENSG00000196296	16	28889726	28915830
ENSG00000187240	11	102980160	103350591
ENSG00000186442	12	53183469	53189901
ENSG00000186395	17	38974369	38978847
ENSG00000185896	13	113951556	113977987
ENSG00000185666	22	32908539	33454358
ENSG00000185437	21	40817781	40887433
ENSG00000185379	17	33426811	33448541
ENSG00000184500	3	93591881	93692910
ENSG00000184185	17	21279509	21323179
ENSG00000183625	3	46205096	46308197
ENSG00000183010	17	79890260	79900288
ENSG00000182492	X	152760397	152775012
ENSG00000182197	8	118806729	119124092
ENSG00000182173	17	73512141	73520820
ENSG00000182054	15	90626277	90645736
ENSG00000181092	3	186560463	186576252
ENSG00000180509	21	35818988	35884573
ENSG00000178971	17	8130191	8151362
ENSG00000177990	12	63952693	64062719
ENSG00000177673	2	232457575	232458994
ENSG00000176406	8	104512976	105268322
ENSG00000175538	11	74165886	74178774
ENSG00000175029	10	126676421	126849739
ENSG00000174527	12	109785708	109893328
ENSG00000174059	1	208057594	208084747
ENSG00000173614	1	10003486	10045559
ENSG00000171960	1	43124096	43142429
ENSG00000171365	X	49687225	49863892
ENSG00000169679	2	111395275	111435691
ENSG00000169375	15	75661720	75748183
ENSG00000168484	8	22014426	22021992
ENSG00000168014	11	73723763	73882255
ENSG00000166948	20	2361554	2413399
ENSG00000166592	16	66955582	66959547
ENSG00000166402	11	8040791	8127659
ENSG00000165898	14	74960423	74963809
ENSG00000164690	7	155592680	155604967
ENSG00000163719	3	9691117	9744077
ENSG00000163386	1	145289772	145370303
ENSG00000163322	4	84382092	84444501
ENSG00000162607	1	62901968	62917475
ENSG00000160213	21	45192393	45196326
ENSG00000160202	21	44589118	44592915
ENSG00000160072	1	1407143	1433228
ENSG00000159140	21	34914924	34949812
ENSG00000158578	X	55035488	55057497
ENSG00000157326	14	24422795	24438488
ENSG00000155980	12	57943781	57980415
ENSG00000155465	14	23242431	23299029
ENSG00000154920	17	48450581	48458844
ENSG00000153157	6	10748027	10979553
ENSG00000152223	18	43427574	43547240
ENSG00000151704	11	128706210	128737268
ENSG00000150938	2	36583069	36778278
ENSG00000150893	13	39261266	39460074
ENSG00000148773	10	129894923	129924649
ENSG00000148702	10	115310596	115349361
ENSG00000148606	10	79734907	79789303
ENSG00000148290	9	136218610	136223552
ENSG00000147162	X	70752933	70795747
ENSG00000146070	6	46671938	46703430
ENSG00000145348	4	106962756	107242652
ENSG00000144481	2	234826043	234928166
ENSG00000140463	15	72978527	73030817
ENSG00000138792	4	111286889	111486441
ENSG00000138771	4	77356253	77704406
ENSG00000138639	4	86396267	86923823
ENSG00000138160	10	94353043	94415150
ENSG00000138075	2	44039611	44066004
ENSG00000136997	8	128747680	128753674
ENSG00000136732	2	127413509	127454246
ENSG00000136720	2	128994290	129076151
ENSG00000136383	15	85359911	85416713
ENSG00000135486	12	54673977	54680872
ENSG00000135423	12	56864736	56882198
ENSG00000134899	13	103497194	103528345
ENSG00000131482	17	41052814	41065386
ENSG00000130985	X	47050260	47074527
ENSG00000129422	8	17501304	17658426
ENSG00000128573	7	113726382	114333827
ENSG00000127980	7	92116334	92157845
ENSG00000126934	19	4090319	4124126
ENSG00000126870	7	158649269	158749438
ENSG00000125744	19	45988547	46000319
ENSG00000124608	6	44267391	44281063
ENSG00000124479	X	43808022	43832750
ENSG00000123473	1	47715811	47779819
ENSG00000121742	13	20796110	20806534
ENSG00000119509	9	102861538	103063282
ENSG00000119318	9	110045418	110094475
ENSG00000117682	1	26758773	26797785
ENSG00000117335	1	207925402	207968858
ENSG00000115718	2	128176003	128186822
ENSG00000115170	2	158592958	158732374
ENSG00000115155	2	26680071	26781566
ENSG00000114251	3	55499743	55523973
ENSG00000114200	3	165490692	165555260
ENSG00000113851	3	3190676	3221394
ENSG00000113083	5	121398890	121413980
ENSG00000112473	6	33168222	33172216
ENSG00000112319	6	133561736	133853258
ENSG00000111732	12	8754762	8765467
ENSG00000111676	12	7033626	7051484
ENSG00000109846	11	111779289	111794446
ENSG00000109536	4	190861943	190884359
ENSG00000108469	17	73622925	73663269
ENSG00000107815	10	102747124	102754158
ENSG00000107779	10	88516407	88692595
ENSG00000107593	10	102047903	102090243
ENSG00000107404	1	1270656	1284730
ENSG00000106701	9	108210077	108314714
ENSG00000106348	7	128032331	128050306
ENSG00000105618	19	54618837	54635140
ENSG00000105607	19	13001840	13025021
ENSG00000105550	19	49258816	49261587
ENSG00000105486	19	48618702	48673860
ENSG00000105221	19	40736224	40791443
ENSG00000104833	19	6494330	6502859
ENSG00000104267	8	86376081	86393722
ENSG00000103657	15	63900817	64126141
ENSG00000102003	X	49044269	49056718
ENSG00000101871	X	10413350	10851773
ENSG00000101752	18	19284918	19450918
ENSG00000101310	20	18488137	18542059
ENSG00000101292	20	5282317	5297378
ENSG00000100490	14	50796310	50883179
ENSG00000100065	22	37886400	37915549
ENSG00000100033	22	18900294	18924066
ENSG00000099381	16	30968615	30996437
ENSG00000095713	10	99624757	99790585
ENSG00000087470	12	32832134	32898486
ENSG00000085760	2	55463731	55496483
ENSG00000083123	6	80816364	81055987
ENSG00000081059	5	133450402	133487556
ENSG00000076248	12	109535379	109548797
ENSG00000076108	12	56989380	57030600
ENSG00000075624	7	5566782	5603415
ENSG00000072840	4	5712924	5830772
ENSG00000072501	X	53401070	53449677
ENSG00000070047	11	576486	612222
ENSG00000064933	2	190649107	190742355
ENSG00000050555	9	133884469	133969860
ENSG00000049089	1	40766159	40783488
ENSG00000047457	3	148880197	148939842
ENSG00000042832	8	133879203	134147147
ENSG00000021645	14	78708734	80330762
ENSG00000019991	7	81328322	81399754
ENSG00000009413	6	111620234	111804918
ENSG00000008324	3	42623332	42636606
ENSG00000006611	11	17515442	17565963
ENSG00000005022	X	118602363	118605282
ENSG00000003393	2	202565277	202645912
ENSG00000258839	16	89978527	89987385
ENSG00000257017	16	72088491	72094954
ENSG00000251562	11	65265233	65273940
ENSG00000249915	5	271736	353971
ENSG00000213638	19	1905377	1913444
ENSG00000213218	17	61949372	61951126
ENSG00000205420	12	52880958	52887041
ENSG00000205213	11	27387508	27494322
ENSG00000204842	12	111890018	112037480
ENSG00000204632	6	29794744	29798902
ENSG00000204290	6	32361740	32374905
ENSG00000204175	10	46994087	47005643
ENSG00000198786	M	12337	14148
ENSG00000198752	14	103398716	103523799
ENSG00000198690	15	31196055	31235311
ENSG00000198467	9	35681989	35691017
ENSG00000197969	9	79792269	80036457
ENSG00000197943	16	81772702	81991899
ENSG00000196943	14	24769068	24778330
ENSG00000196689	17	3468738	3500392
ENSG00000189221	X	43515467	43606068
ENSG00000188536	16	222846	223709
ENSG00000188158	X	17393543	17754114
ENSG00000186795	10	118957000	118969810
ENSG00000186716	22	23521891	23660224
ENSG00000186510	1	16345370	16360545
ENSG00000186439	6	123537483	123958238
ENSG00000185963	9	95473645	95527094
ENSG00000185499	1	155158300	155162707
ENSG00000184895	Y	2654896	2655740
ENSG00000184708	22	31832963	31892094
ENSG00000182185	14	68286496	69196935
ENSG00000181804	3	142984064	143567373
ENSG00000181192	10	12110971	12165224
ENSG00000180772	X	115301975	115306225
ENSG00000179979	4	1385340	1389780
ENSG00000179588	16	88519725	88603424
ENSG00000179270	2	29283842	29297127
ENSG00000177666	11	818902	825573
ENSG00000176697	11	27676440	27743605
ENSG00000175920	4	3465033	3503200
ENSG00000175567	11	73685712	73694352
ENSG00000174775	11	532242	537287
ENSG00000173546	15	75966663	76005189
ENSG00000172817	8	65500320	65711318
ENSG00000172482	2	241807896	241819919
ENSG00000172315	20	45313004	45318418
ENSG00000171503	4	159593277	159630775
ENSG00000171310	12	104849073	105155792
ENSG00000169994	2	128293378	128395304
ENSG00000169297	X	30322323	30327715
ENSG00000169194	5	131991955	131996802
ENSG00000169071	9	94325373	94712444
ENSG00000167792	11	67374323	67380006
ENSG00000167632	8	140742586	141468678
ENSG00000167323	11	3875757	4114439
ENSG00000167114	9	131102925	131123749
ENSG00000166855	15	65440557	65477680
ENSG00000165841	10	96447911	96613017
ENSG00000165409	14	81421333	81612646
ENSG00000165168	X	37639264	37672714
ENSG00000164867	7	150688083	150711676
ENSG00000164742	7	45613739	45762715
ENSG00000163041	1	226249552	226259702
ENSG00000163017	2	74119441	74146992
ENSG00000162409	1	57110995	57181008
ENSG00000161547	17	74730197	74733456
ENSG00000159131	21	34876238	34915797
ENSG00000158352	X	50334647	50557302
ENSG00000157613	11	46299212	46342972
ENSG00000156970	15	40453224	40513337
ENSG00000156475	5	145967936	146464347
ENSG00000154719	21	26957968	26979829
ENSG00000154133	11	124753587	124768396
ENSG00000153707	9	8314246	10612723
ENSG00000153208	2	112656056	112787138
ENSG00000151623	4	148999913	149365850
ENSG00000151148	12	109915207	109974507
ENSG00000151006	16	31094746	31100949
ENSG00000150760	10	128593978	129250781
ENSG00000149564	11	124622026	124632186
ENSG00000149256	11	78363876	79151992
ENSG00000148737	10	114710009	114927437
ENSG00000147140	X	70503042	70521018
ENSG00000146733	7	56078744	56119297
ENSG00000146216	6	43211418	43255997
ENSG00000143387	1	150768684	150780799
ENSG00000143224	1	161136200	161147803
ENSG00000142507	17	4699439	4701790
ENSG00000141449	18	18822203	19105378
ENSG00000141252	17	411908	624957
ENSG00000140675	16	31494323	31502181
ENSG00000140525	15	89787180	89860492
ENSG00000140459	15	74630100	74660081
ENSG00000138685	4	123747863	123819391
ENSG00000137710	11	110045605	110167447
ENSG00000136872	9	104182860	104198105
ENSG00000136111	13	75858808	76056250
ENSG00000135903	2	223064607	223163715
ENSG00000135046	9	75766673	75785309
ENSG00000134184	1	110230436	110251661
ENSG00000133256	4	619373	664571
ENSG00000130779	12	122755979	122907179
ENSG00000130522	19	18390563	18392432
ENSG00000130427	7	100318423	100321323
ENSG00000129757	11	2904443	2907111
ENSG00000128917	15	41221538	41231237
ENSG00000128881	15	43030932	43213007
ENSG00000128739	15	25068794	25223870
ENSG00000128512	7	111366166	111846466
ENSG00000128340	22	37621301	37640488
ENSG00000127666	19	4815944	4831716
ENSG00000126883	9	134000948	134110057
ENSG00000126749	12	7072408	7105520
ENSG00000126545	4	70796799	70812289
ENSG00000125835	20	2442280	2451499
ENSG00000125414	17	10424465	10453274
ENSG00000125398	17	70117161	70122561
ENSG00000124587	6	42931608	42946958
ENSG00000122735	9	34457412	34520982
ENSG00000122194	6	161123270	161174347
ENSG00000122008	5	74807581	74896969
ENSG00000120885	8	27454434	27472548
ENSG00000119669	14	77490888	77495034
ENSG00000116748	1	115215719	115238239
ENSG00000116690	1	186265405	186283694
ENSG00000116288	1	8014351	8045565
ENSG00000116044	2	178092323	178257425
ENSG00000115641	2	105974169	106054970
ENSG00000114388	3	50384761	50388522
ENSG00000113262	5	178405328	178423207
ENSG00000112996	5	44809027	44820530
ENSG00000112715	6	43737921	43754224
ENSG00000112541	6	165740776	166400091
ENSG00000112297	6	106959730	107018326
ENSG00000109061	17	10395624	10421860
ENSG00000108433	17	45000483	45105003
ENSG00000107554	10	101635334	101769676
ENSG00000107262	9	33247818	33264761
ENSG00000106665	7	73703805	73820273
ENSG00000106331	7	127250346	127255982
ENSG00000105323	19	41768401	41813503
ENSG00000104899	19	2249308	2252072
ENSG00000104774	19	12757325	12777556
ENSG00000104432	8	79587978	79717758
ENSG00000103126	16	337440	402673
ENSG00000102743	13	41363548	41384247
ENSG00000102030	X	153194695	153200676
ENSG00000101255	20	361261	378203
ENSG00000101203	20	61924538	61966203
ENSG00000101115	20	50400581	50419059
ENSG00000100416	22	46726772	46753237
ENSG00000100207	22	42556019	42739622
ENSG00000099949	22	21333751	21353327
ENSG00000095787	10	28821422	28912041
ENSG00000095585	10	97951458	98031344
ENSG00000091136	7	107564244	107643700
ENSG00000090534	3	184089723	184095932
ENSG00000089041	12	121570622	121623876
ENSG00000084676	2	24714783	24993571
ENSG00000078618	1	52254863	52344477
ENSG00000078369	1	1716729	1822495
ENSG00000076944	19	7701767	7712759
ENSG00000073050	19	44047192	44084625
ENSG00000071909	2	171034655	171511681
ENSG00000070371	22	19166986	19279239
ENSG00000070061	9	111629797	111696396
ENSG00000069535	X	43625858	43741693
ENSG00000068654	2	86247339	86333278
ENSG00000067248	5	54552073	54603550
ENSG00000064835	3	87308554	87325737
ENSG00000062485	12	56665483	56694176
ENSG00000043355	13	100634026	100639018
ENSG00000036448	8	1993155	2113475
ENSG00000034152	17	21187984	21218552
ENSG00000015171	10	180405	300577
ENSG00000013364	16	29831715	29859355
ENSG00000006788	17	10201401	10276447
ENSG00000003400	2	202047604	202094129
ENSG00000002745	7	120965421	120981158
ENSG00000250361	4	144917257	145061844
ENSG00000248905	15	33057747	33486897
ENSG00000241978	9	112542769	112934792
ENSG00000227184	8	144939497	144952632
ENSG00000225950	19	49559050	49568333
ENSG00000219481	1	16888814	16940057
ENSG00000214960	7	16130817	16460947
ENSG00000206384	3	130279178	130396999
ENSG00000205755	X	1314890	1331616
ENSG00000204531	6	31132119	31148508
ENSG00000203747	1	161511549	161600917
ENSG00000203618	22	19710468	19712294
ENSG00000198931	16	88875747	88878352
ENSG00000198754	1	40235195	40237020
ENSG00000198646	20	33284722	33413452
ENSG00000197785	1	1447531	1470067
ENSG00000196968	10	75532049	75540009
ENSG00000196782	4	140637907	141075338
ENSG00000196663	14	102829300	102968818
ENSG00000196584	7	152341864	152373250
ENSG00000196549	3	154741913	154901497
ENSG00000196502	16	28616903	28634946
ENSG00000196189	1	156117157	156147543
ENSG00000196083	3	190231840	190375843
ENSG00000188910	1	35246790	35251970
ENSG00000188611	10	51942538	52008370
ENSG00000188021	X	56590026	56593443
ENSG00000187848	12	133195366	133198972
ENSG00000187122	10	98757795	98945677
ENSG00000187017	1	6484848	6521430
ENSG00000186862	10	102767440	102790890
ENSG00000186847	17	39738531	39743173
ENSG00000186715	1	17081405	17096732
ENSG00000186297	15	27111510	27194354
ENSG00000185591	12	53773960	53810230
ENSG00000185504	17	79506911	79520987
ENSG00000185303	10	81315608	81320153
ENSG00000184640	17	75276651	75496678
ENSG00000184584	5	138855119	138862520
ENSG00000184486	6	99282580	99286660
ENSG00000183955	12	123868320	123893905
ENSG00000183785	22	18593097	18629321
ENSG00000183770	3	138663066	138665982
ENSG00000183690	X	44007128	44202918
ENSG00000183023	2	40324410	40838193
ENSG00000182621	20	8112824	8949003
ENSG00000181409	17	79091095	79139877
ENSG00000180902	2	242673994	242708231
ENSG00000179981	18	72922710	73001905
ENSG00000179950	8	144898514	144912029
ENSG00000179630	13	44453420	44468068
ENSG00000179094	17	8043790	8059824
ENSG00000178691	17	30264037	30328064
ENSG00000178031	9	18473892	18910948
ENSG00000177542	11	790475	798316
ENSG00000177485	X	119384607	119392253
ENSG00000177098	11	118004092	118023603
ENSG00000176920	19	49199228	49209207
ENSG00000176692	16	86600857	86602539
ENSG00000176542	3	113367232	113415493
ENSG00000175785	14	94184644	94254827
ENSG00000175164	9	136125788	136150617
ENSG00000175115	11	65837834	66012218
ENSG00000174358	5	1201710	1225232
ENSG00000173175	3	123001143	123168605
ENSG00000173085	4	84182689	84206067
ENSG00000172399	4	120056939	120108944
ENSG00000172053	3	49133365	49142553
ENSG00000171723	14	66974125	67648520
ENSG00000171720	5	141000443	141016437
ENSG00000171227	2	120187477	120196096
ENSG00000171155	X	119759648	119764005
ENSG00000170624	5	155297354	156194799
ENSG00000169692	9	139567595	139581875
ENSG00000169306	X	28605516	29974840
ENSG00000169184	22	28144265	28197486
ENSG00000168487	8	22022249	22069839
ENSG00000168263	9	2717502	2730037
ENSG00000167900	17	76170160	76183314
ENSG00000167676	19	4502204	4517716
ENSG00000167671	19	4444996	4457819
ENSG00000167306	18	47349183	47721463
ENSG00000167286	11	118209669	118213459
ENSG00000166689	11	16799842	17035990
ENSG00000166333	11	6624961	6632102
ENSG00000166033	10	124221041	124274424
ENSG00000165288	X	79926353	80065187
ENSG00000164961	8	126036502	126104082
ENSG00000164073	4	128838960	128887150
ENSG00000163754	3	148709128	148745419
ENSG00000163666	3	57231944	57260549
ENSG00000163581	3	170714137	170744539
ENSG00000163431	1	201865580	201915715
ENSG00000163069	4	52886872	52904648
ENSG00000162399	1	55464606	55476556
ENSG00000159753	16	67678822	67691472
ENSG00000158859	1	161154098	161168846
ENSG00000157985	2	236402733	237040444
ENSG00000156466	8	97154562	97173020
ENSG00000155100	8	92082424	92099323
ENSG00000155085	6	109814059	110012420
ENSG00000154734	21	28208066	28217728
ENSG00000153885	19	34286838	34306668
ENSG00000153443	16	4658884	4665028
ENSG00000153162	6	7727030	7881655
ENSG00000151846	13	25670300	25673389
ENSG00000151834	4	46250444	46477247
ENSG00000151413	14	31959162	32330430
ENSG00000150527	14	39734488	39856156
ENSG00000149972	11	98891683	100229616
ENSG00000148204	9	126118449	126142603
ENSG00000147852	9	2621834	2660053
ENSG00000147224	X	106871737	106894256
ENSG00000145808	5	128795958	129074376
ENSG00000144406	2	210636717	210864024
ENSG00000143970	2	25956622	26101385
ENSG00000143473	1	210856555	211307457
ENSG00000143382	1	150521884	150533413
ENSG00000143127	1	145524891	145543868
ENSG00000142606	1	2522078	2564481
ENSG00000141499	17	7589389	7606820
ENSG00000141485	17	6588032	6616886
ENSG00000141349	17	42148103	42153709
ENSG00000141027	17	15932471	16121499
ENSG00000140859	16	57792129	57896957
ENSG00000140718	16	53737875	54155853
ENSG00000138821	4	103172198	103352415
ENSG00000138796	4	108910870	108956331
ENSG00000138378	2	191894302	192016322
ENSG00000138363	2	216176540	216214487
ENSG00000138182	10	91461367	91534700
ENSG00000138135	10	90965694	90967071
ENSG00000138095	2	44113647	44223144
ENSG00000138079	2	44502599	44548633
ENSG00000136546	2	167260083	167350757
ENSG00000136450	17	56080721	56084707
ENSG00000136040	12	94542499	94701451
ENSG00000136003	12	108956358	108963160
ENSG00000135828	1	182542769	182558391
ENSG00000135766	1	231499497	231560790
ENSG00000135631	2	73300510	73383849
ENSG00000135604	6	144471663	144509507
ENSG00000135437	12	56114151	56118489
ENSG00000134569	11	46878419	46940193
ENSG00000134363	5	52776239	52782964
ENSG00000132002	19	14625582	14640582
ENSG00000131778	1	146714291	146767443
ENSG00000130997	4	2073645	2243848
ENSG00000126778	14	61110133	61124977
ENSG00000126705	1	27860546	27930942
ENSG00000126218	13	113777128	113803843
ENSG00000125351	X	118967985	118986961
ENSG00000124614	6	34385231	34393902
ENSG00000123607	2	166713985	166810353
ENSG00000122877	10	64571756	64679660
ENSG00000122863	10	73724123	73773322
ENSG00000122786	7	134429003	134655479
ENSG00000121966	2	136871919	136875735
ENSG00000121807	3	46395225	46402419
ENSG00000121743	13	20712394	20735188
ENSG00000120937	1	11917521	11918988
ENSG00000120457	11	128761251	128790930
ENSG00000119042	2	200134223	200335989
ENSG00000118257	2	206546714	206662857
ENSG00000117360	1	150293925	150325671
ENSG00000116824	1	117297007	117311850
ENSG00000115970	2	43393800	43823185
ENSG00000114026	3	9791628	9829903
ENSG00000113615	5	133984479	134063513
ENSG00000112992	5	43602794	43707507
ENSG00000112592	6	170863390	170881958
ENSG00000111701	12	7801996	7818499
ENSG00000110092	11	69455855	69469242
ENSG00000109163	4	68605046	68620078
ENSG00000108823	17	48241575	48253292
ENSG00000108797	17	40834631	40851832
ENSG00000108515	17	4851387	4860426
ENSG00000107831	10	103529899	103535854
ENSG00000107331	9	139901686	139923367
ENSG00000107187	9	139088096	139096955
ENSG00000106397	7	100849258	100861701
ENSG00000106153	7	56169262	56174269
ENSG00000105993	7	157128075	157210133
ENSG00000105991	7	27132612	27135615
ENSG00000105723	19	42734338	42746777
ENSG00000102805	13	77564795	77576652
ENSG00000102245	X	135730352	135742549
ENSG00000102119	X	153607557	153609883
ENSG00000102038	X	128580480	128657477
ENSG00000101311	20	6055492	6104191
ENSG00000101144	20	55743804	55841685
ENSG00000100739	14	96722161	96735304
ENSG00000099821	19	617223	633597
ENSG00000097021	1	6324329	6454451
ENSG00000095380	9	100819021	100845357
ENSG00000092148	14	31569318	31677010
ENSG00000090857	16	70147529	70195203
ENSG00000089472	X	65382391	65488709
ENSG00000089063	20	5080486	5093749
ENSG00000088970	20	21106624	21227260
ENSG00000087053	11	95566046	95658479
ENSG00000086015	1	46252659	46501796
ENSG00000084734	2	27719709	27746554
ENSG00000081237	1	198607801	198726545
ENSG00000079739	1	64058947	64125916
ENSG00000079482	X	67262186	67653755
ENSG00000076351	17	26721661	26734215
ENSG00000070748	10	50817141	50901925
ENSG00000070366	17	1963133	2207065
ENSG00000065526	1	16174359	16266955
ENSG00000065361	12	56473641	56497289
ENSG00000065154	10	126085872	126107545
ENSG00000064309	11	125825691	125933230
ENSG00000060656	1	29563028	29653325
ENSG00000060642	1	27113963	27124889
ENSG00000060491	20	61436187	61445352
ENSG00000050030	X	73952684	74145282
ENSG00000049319	2	31747550	31806136
ENSG00000048545	6	42123144	42147794
ENSG00000047936	6	117609463	117747018
ENSG00000042445	2	85569211	85581743
ENSG00000041982	9	117782806	117880536
ENSG00000032444	19	7598890	7626650
ENSG00000029363	6	136578001	136610989
ENSG00000026103	10	90750414	90775542
ENSG00000016391	3	53846362	53880417
ENSG00000011376	3	45429998	45590913
ENSG00000009830	14	77741299	77787227
ENSG00000008130	1	1682671	1711896
ENSG00000005884	17	48133332	48167845
ENSG00000005810	13	77618792	77901185
ENSG00000004777	19	36265434	36279724
ENSG00000004487	1	23345941	23410182
ENSG00000002016	12	1021243	1099219
ENSG00000269900	9	35657748	35658015
